0.1
0.12
0.25
0.25
0.25
0.25
0.25
0.25
0.25
0.25
0.25
0.25
0.25
0.25
0.25
0.25
0.25
0.25
0.25
0.25
0.25
0.25
0.25
0.25
0.25
0.25
0.25
0.25
0.25
0.25
0.25
0.25
0.25
0.25
0.25
0.25
0.25
0.25
0.25
0.25
0.25
0.25
0.25
0.25
0.25
0.25
0.25
0.25
0.25
0.25
0.25
0.25
0.25
0.25
0.25
0.25
0.25
0.25
0.25
0.25
0.25
0.25
0.25
0.25
0.25
0.25
0.25
0.25
0.25
0.45
0.48
0.5
0.5
0.5
0.5
0.5
0.5
0.5
0.5
0.5
0.5
0.5
0.5
0.5
0.5
0.5
0.5
0.5
0.5
0.5
0.5
0.5
0.5
0.5
0.5
0.5
0.5
0.5
0.5
0.5
0.5
0.5
0.5
0.5
0.5
0.5
0.5
0.5
0.5
0.5
0.5
0.5
0.75
0.75
0.98
0.99
0.99
1
1
1
1
1,221.60
1.09
1.09
1.09
1.09
1.09
1.09
1.09
1.09
1.09
1.09
1.09
1.09
1.09
1.09
1.09
1.09
1.09
1.09
1.09
1.09
1.09
1.09
1.09
1.09
1.09
1.09
1.09
1.09
1.09
1.09
1.09
1.09
1.09
1.09
1.09
1.09
1.09
1.09
1.09
1.09
1.09
1.09
1.09
1.09
1.09
1.09
1.09
1.09
1.09
1.09
1.09
1.09
1.09
1.09
1.09
1.09
1.09
1.09
1.09
1.09
1.09
1.09
1.09
1.09
1.09
1.09
1.09
1.09
1.09
1.09
1.09
1.09
1.09
1.09
1.09
1.09
1.09
1.09
1.09
1.09
1.09
1.09
1.09
1.09
1.09
1.09
1.09
1.09
1.09
1.09
1.09
1.09
1.09
1.09
1.09
1.09
1.09
1.09
1.09
1.09
1.09
1.09
1.09
1.09
1.09
1.09
1.09
1.09
1.09
1.09
1.09
1.09
1.09
1.09
1.09
1.09
1.09
1.09
1.09
1.09
1.09
1.09
1.09
1.09
1.09
1.09
1.16
1.28
1.28
1.29
1.3
1.31
1.31
1.34
1.34
1.34
1.34
1.34
1.34
1.34
1.34
1.34
1.34
1.34
1.34
1.34
1.34
1.34
1.34
1.34
1.34
1.35
1.36
1.36
1.38
1.38
1.38
1.38
1.38
1.38
1.38
1.38
1.38
1.38
1.38
1.38
1.38
1.38
1.38
1.39
1.39
1.39
1.4
1.42
1.42
1.42
1.42
1.42
1.42
1.42
1.42
1.42
1.42
1.42
1.42
1.42
1.42
1.42
1.42
1.42
1.42
1.42
1.42
1.42
1.42
1.42
1.42
1.42
1.42
1.42
1.42
1.42
1.42
1.42
1.42
1.42
1.42
1.42
1.42
1.42
1.42
1.42
1.42
1.42
1.42
1.42
1.42
1.42
1.42
1.42
1.42
1.47
1.48
1.49
1.49
1.56
1.59
1.59
1.59
1.59
1.6
1.61
1.61
1.62
1.63
1.63
1.64
1.64
1.65
1.65
1.67
1.67
1.67
1.67
1.67
1.67
1.67
1.67
1.67
1.68
1.69
1.69
1.82
1.84
1.84
1.85
1.87
1.87
1.88
1.91
1.92
1.94
1.96
1.98
1.99
1.99
1.99
1.99
1.99
1.99
10
10
10
10
10
10
10.01
10.01
10.02
10.04
10.04
10.04
10.04
10.05
10.06
10.08
10.09
10.09
10.12
10.16
10.19
10.25
10.26
10.28
10.3
10.31
10.32
10.34
10.34
10.34
10.34
10.36
10.36
10.36
10.36
10.43
10.45
10.47
10.53
10.56
10.61
10.62
10.62
10.68
10.68
10.76
10.78
10.79
10.8
10.8
10.8
10.82
10.83
10.84
10.85
10.85
10.85
10.85
10.85
10.85
10.85
10.85
10.86
10.87
10.88
10.88
10.88
10.88
10.88
10.89
10.89
10.89
10.9
10.91
10.92
10.94
10.95
10.95
10.96
100
102.05
102.8
103.27
103.55
103.72
104.65
104.75
107.45
109
11
11.07
11.12
11.12
11.12
11.16
11.17
11.17
11.17
11.19
11.27
11.36
11.36
11.38
11.41
11.43
11.43
11.45
11.45
11.45
11.52
11.53
11.63
11.64
11.66
11.67
11.71
11.87
11.93
11.94
11.95
11.95
11.95
11.95
11.96
11.97
11.97
11.97
11.97
11.97
11.97
11.97
11.98
11.98
11.99
11.99
11.99
110
113.56
115.34
116.03
117.58
117.72
118.09
118.09
12
12
12
12.01
12.03
12.16
12.19
12.19
12.21
12.22
12.26
12.26
12.31
12.32
12.45
12.45
12.46
12.49
12.51
12.52
12.54
12.56
12.59
12.66
12.67
12.7
12.7
12.72
12.8
12.81
12.88
12.94
12.99
12.99
120.55
122.66
125
126.17
129
13
13
13.04
13.04
13.04
13.04
13.04
13.05
13.06
13.06
13.06
13.06
13.07
13.07
13.07
13.07
13.08
13.08
13.15
13.24
13.27
13.47
13.54
13.54
13.54
13.54
13.55
13.57
13.57
13.59
13.63
13.63
13.63
13.65
13.68
13.72
13.74
13.75
13.75
13.77
13.77
13.78
13.85
13.89
13.92
13.92
13.96
13.96
13.96
13.97
130
130.79
132.36
135.03
136.37
136.42
14
14
14.02
14.04
14.05
14.07
14.07
14.09
14.12
14.12
14.15
14.16
14.16
14.16
14.17
14.17
14.31
14.31
14.31
14.5
14.51
14.52
14.57
14.57
14.58
14.62
14.62
14.67
14.67
14.69
14.72
14.82
14.84
14.87
14.88
14.91
14.94
14.95
14.96
14.97
14.97
144.96
145
145
145
145.32
15
15
15
15
15
15
15
15.03
15.17
15.21
15.23
15.26
15.47
15.57
15.65
15.67
15.7
15.75
15.79
15.91
15.95
15.96
15.99
150
151.83
155
155
16
16
16
16
16.06
16.09
16.24
16.24
16.25
16.28
16.32
16.32
16.32
16.32
16.32
16.33
16.33
16.34
16.34
16.35
16.35
16.35
16.38
16.41
16.44
16.5
16.58
16.72
16.79
16.84
16.88
16.91
16.92
16.97
162
164.9
165
165
165
165
17
17.12
17.12
17.17
17.28
17.33
17.34
17.34
17.34
17.38
17.45
17.49
17.58
17.7
17.72
17.74
17.75
17.81
17.88
17.89
17.89
17.89
17.89
17.89
17.92
17.99
171.52
174.39
175
175
175
177.08
18
18
18
18
18
18.08
18.13
18.18
18.21
18.27
18.3
18.43
18.45
18.46
18.5
18.5
18.52
18.64
18.64
18.65
18.77
18.78
18.78
18.8
184.13
185
185.25
188.76
189.9
19
19
19.04
19.04
19.05
19.05
19.06
19.06
19.07
19.15
19.22
19.24
19.28
19.36
19.36
19.4
19.43
19.46
19.5
19.55
19.58
19.59
19.62
19.98
19.99
2
2
2
2
2
2,253.00
2.05
2.09
2.11
2.13
2.13
2.16
2.17
2.17
2.17
2.18
2.18
2.18
2.18
2.18
2.18
2.18
2.18
2.18
2.18
2.18
2.18
2.18
2.18
2.18
2.18
2.18
2.19
2.21
2.29
2.32
2.33
2.34
2.36
2.36
2.37
2.41
2.44
2.45
2.45
2.47
2.47
2.47
2.47
2.47
2.47
2.47
2.49
2.5
2.5
2.51
2.58
2.58
2.58
2.58
2.58
2.58
2.59
2.66
2.66
2.66
2.67
2.67
2.68
2.68
2.71
2.72
2.72
2.72
2.72
2.72
2.73
2.73
2.76
2.76
2.76
2.8
2.84
2.84
2.85
2.92
2.98
2.99
2.99
2.99
20
20
20
20
20
20
20
20
20
20
20
20.01
20.03
20.14
20.16
20.37
20.58
20.62
20.64
20.66
20.67
20.69
20.83
20.94
20.99
200.54
206.89
21.14
21.22
21.28
21.29
21.32
21.4
21.44
21.47
21.47
21.54
21.66
21.78
21.78
21.79
21.79
21.8
21.82
214.97
215.85
217.2
217.2
217.2
218
22
22
22.05
22.24
22.36
22.55
22.59
22.6
22.77
22.84
22.87
22.93
23.03
23.05
23.09
23.11
23.17
23.2
23.2
23.26
23.26
23.36
23.39
23.41
23.5
23.53
23.57
23.8
23.84
23.95
23.96
239.33
24
24.05
24.06
24.26
24.41
24.45
24.51
24.53
24.57
24.65
24.72
24.8
24.99
24.99
24.99
24.99
24.99
24.99
25
25
25
25
25
25
25
25
25
25.06
25.29
25.3
25.36
25.46
25.56
25.8
250.62
256
26
26.06
26.06
26.06
26.06
26.09
26.14
26.19
26.22
26.29
26.31
26.32
26.55
26.65
26.68
26.68
26.71
26.75
26.96
27.08
27.1
27.2
27.26
27.36
27.42
27.5
27.75
27.96
270.95
271
28
28
28.01
28.03
28.05
28.06
28.32
28.32
28.33
28.35
28.44
28.63
28.8
281.25
281.56
281.81
29
29
29.17
29.19
29.25
29.26
29.31
29.37
29.4
29.87
290.88
291.46
294.5
297
3
3
3
3
3
3
3
3
3.03
3.06
3.07
3.07
3.08
3.09
3.09
3.18
3.19
3.22
3.22
3.22
3.26
3.26
3.29
3.31
3.38
3.46
3.48
3.48
3.48
3.49
3.56
3.58
3.59
3.59
3.59
3.63
3.63
3.64
3.64
3.64
3.64
3.64
3.64
3.64
3.64
3.64
3.65
3.66
3.68
3.71
3.71
3.75
3.76
3.77
3.78
3.8
3.8
3.81
3.81
3.81
3.82
3.87
3.87
3.91
3.91
3.92
3.93
3.95
3.95
3.95
3.95
3.95
3.98
3.99
3.99
3.99
3.99
3.99
3.99
3.99
30
30
30
30.16
30.25
30.5
30.87
30.92
300
300
300
301.14
31.22
31.45
31.57
31.6
31.65
31.85
31.92
31.95
315
32.13
32.4
32.41
32.56
32.58
32.65
32.68
32.75
32.76
33
33.03
33.24
33.24
33.69
33.75
33.79
33.85
331.6
34.01
34.25
34.33
34.35
34.35
34.83
34.86
35
35
35
35
35
35
35
35
35.34
35.37
35.55
35.86
35.95
35.96
36.6
36.69
36.74
36.95
36.95
37
37.02
37.25
37.43
37.45
37.6
37.6
37.73
38
38.56
38.64
38.76
380.41
39.13
39.8
39.85
39.95
39.99
4
4
4
4.03
4.07
4.09
4.09
4.1
4.11
4.13
4.15
4.17
4.18
4.19
4.19
4.2
4.2
4.2
4.25
4.25
4.27
4.29
4.31
4.31
4.32
4.35
4.35
4.36
4.38
4.41
4.44
4.45
4.45
4.45
4.45
4.45
4.45
4.45
4.45
4.45
4.45
4.49
4.49
4.49
4.5
4.51
4.52
4.56
4.57
4.59
4.61
4.63
4.63
4.67
4.73
4.75
4.78
4.79
4.84
4.85
4.87
4.88
4.9
4.91
4.91
4.95
4.97
4.98
4.98
4.99
40
40
40.07
40.19
40.21
40.34
40.39
40.45
40.74
408.53
41.15
41.2
41.24
41.25
41.39
41.4
415
419.22
42.03
42.12
42.21
42.47
42.5
42.62
42.7
42.85
42.89
426.9
426.9
426.9
426.9
43
43.44
43.52
43.59
43.67
44.17
44.21
44.43
44.43
45
45.21
45.69
45.76
45.84
46
46.12
46.12
46.3
46.56
46.71
463.28
47.24
47.31
472.41
478.75
48.2
48.2
484.99
49.01
49.04
49.04
49.25
49.55
49.63
49.74
5
5
5
5
5
5
5
5
5
5.04
5.06
5.13
5.16
5.16
5.16
5.18
5.19
5.24
5.24
5.27
5.29
5.32
5.34
5.36
5.4
5.41
5.44
5.44
5.44
5.44
5.45
5.45
5.45
5.48
5.49
5.49
5.5
5.59
5.64
5.65
5.66
5.67
5.67
5.73
5.76
5.78
5.79
5.81
5.82
5.85
5.88
5.9
5.93
5.94
5.94
5.95
5.95
5.98
5.98
5.99
5.99
5.99
5.99
5.99
50
50
50
50
50.04
50.07
50.42
51.37
51.53
51.72
52
52
52.32
52.34
52.44
52.96
53.14
53.5
53.5
54.05
54.39
54.46
54.48
54.91
55
55.32
56.74
56.76
57.01
57.12
57.18
57.26
57.39
57.41
57.68
57.69
57.8
58
58.14
58.21
58.27
58.63
58.9
58.96
59.94
6
6.01
6.01
6.04
6.08
6.08
6.08
6.09
6.09
6.1
6.15
6.15
6.19
6.2
6.21
6.24
6.25
6.25
6.27
6.27
6.27
6.27
6.27
6.27
6.3
6.3
6.31
6.37
6.38
6.49
6.49
6.49
6.49
6.49
6.51
6.51
6.52
6.53
6.53
6.53
6.54
6.54
6.54
6.54
6.54
6.56
6.65
6.66
6.68
6.7
6.7
6.73
6.76
6.79
6.81
6.81
6.81
6.81
6.81
6.81
6.81
6.81
6.86
6.89
6.9
6.93
6.95
6.95
6.96
6.96
6.98
6.99
6.99
6.99
6.99
6.99
60
60
60
60
60
60
60.01
61.04
61.09
61.48
61.9
62
62
62
62
62
62
62
62
62
62
62
62
62
62
62
62.26
63.02
63.22
63.72
643.92
65
65.39
65.39
65.85
66.16
66.49
66.8
67.15
67.2
67.66
68
68.99
68.99
69.18
69.44
69.63
69.63
69.63
7
7
7
7
7
7.01
7.04
7.06
7.06
7.07
7.07
7.07
7.08
7.09
7.12
7.15
7.17
7.18
7.18
7.18
7.18
7.18
7.18
7.18
7.18
7.19
7.2
7.2
7.26
7.27
7.3
7.37
7.4
7.4
7.4
7.4
7.4
7.43
7.44
7.44
7.47
7.52
7.53
7.55
7.56
7.57
7.58
7.58
7.58
7.58
7.58
7.58
7.58
7.58
7.58
7.58
7.58
7.58
7.58
7.6
7.6
7.62
7.62
7.62
7.63
7.65
7.75
7.75
7.76
7.77
7.85
7.86
7.87
7.88
7.89
7.89
7.9
7.9
7.9
7.94
7.98
7.98
7.98
7.98
7.98
7.98
7.99
7.99
70
70
70
70
70
71.65
72.1
72.32
72.63
72.63
72.63
72.63
72.63
72.63
72.8
73.75
74.05
74.13
74.31
75
75.51
75.74
76.57
78.51
78.63
78.76
78.76
78.88
79
79.93
8
8
8
8
8.02
8.02
8.03
8.05
8.1
8.16
8.18
8.18
8.18
8.18
8.18
8.18
8.18
8.18
8.18
8.18
8.18
8.18
8.18
8.19
8.19
8.19
8.23
8.25
8.27
8.28
8.31
8.36
8.42
8.42
8.44
8.45
8.45
8.45
8.45
8.45
8.46
8.51
8.52
8.53
8.57
8.58
8.59
8.62
8.67
8.67
8.67
8.67
8.67
8.67
8.67
8.67
8.67
8.67
8.67
8.67
8.67
8.67
8.67
8.67
8.67
8.67
8.67
8.67
8.67
8.67
8.68
8.68
8.68
8.68
8.68
8.68
8.68
8.68
8.69
8.69
8.69
8.69
8.7
8.7
8.7
8.71
8.71
8.71
8.71
8.72
8.72
8.72
8.72
8.72
8.72
8.72
8.72
8.72
8.72
8.72
8.72
8.72
8.72
8.72
8.75
8.76
8.76
8.77
8.78
8.88
8.94
8.95
8.96
8.97
8.97
8.98
8.99
8.99
8.99
8.99
8.99
8.99
8.99
8.99
8.99
8.99
8.99
8.99
80
80.6
80.78
81.75
82.22
83.39
83.73
84.4
85
85
85
85.2
86.25
86.25
86.25
86.25
86.25
87.49
87.76
88.34
88.43
88.43
89.38
9
9
9
9.04
9.05
9.05
9.06
9.06
9.11
9.13
9.18
9.18
9.19
9.24
9.25
9.27
9.27
9.27
9.28
9.32
9.33
9.36
9.42
9.5
9.54
9.54
9.54
9.54
9.54
9.54
9.57
9.58
9.61
9.62
9.67
9.7
9.72
9.74
9.75
9.76
9.76
9.76
9.76
9.76
9.76
9.76
9.76
9.76
9.76
9.76
9.76
9.76
9.76
9.76
9.76
9.76
9.76
9.76
9.76
9.76
9.76
9.76
9.76
9.76
9.76
9.76
9.76
9.76
9.76
9.76
9.76
9.76
9.76
9.76
9.76
9.76
9.76
9.77
9.79
9.8
9.8
9.8
9.81
9.82
9.89
9.9
9.9
9.93
9.95
9.95
9.95
9.95
9.95
9.95
9.95
9.95
9.95
9.95
9.95
9.97
9.97
9.98
9.98
9.99
90
91.02
92.33
92.61
94.29
95.88
98.72
98.85
99.7
